2147483647 2147483647 2147483647 2147483647 2147483647 2147483647 2147483647 2147483647 2147483647 2147483647 2147483647 2147483647 2147483647 2147483647 2147483647 
2147483647 -7 2147483647 2147483647 2147483647 2147483647 2147483647 2147483647 2147483647 2147483647 2147483647 2147483647 2147483647 2147483647 2147483647 
2147483647 -9 -6 2147483647 2147483647 2147483647 2147483647 2147483647 2147483647 2147483647 2147483647 2147483647 2147483647 2147483647 2147483647 
2147483647 -14 -14 3 2147483647 2147483647 2147483647 2147483647 2147483647 2147483647 2147483647 2147483647 2147483647 2147483647 2147483647 
2147483647 -18 -19 -10 7 2147483647 2147483647 2147483647 2147483647 2147483647 2147483647 2147483647 2147483647 2147483647 2147483647 
2147483647 -25 -25 -17 -11 2 2147483647 2147483647 2147483647 2147483647 2147483647 2147483647 2147483647 2147483647 2147483647 
2147483647 -22 -18 -17 -20 -4 -7 2147483647 2147483647 2147483647 2147483647 2147483647 2147483647 2147483647 2147483647 
2147483647 -31 -23 -29 -14 -11 -7 0 2147483647 2147483647 2147483647 2147483647 2147483647 2147483647 2147483647 
2147483647 -38 -31 -35 -37 -7 -10 -11 9 2147483647 2147483647 2147483647 2147483647 2147483647 2147483647 
2147483647 -41 -36 -43 -46 -44 -17 -20 -7 9 2147483647 2147483647 2147483647 2147483647 2147483647 
2147483647 -49 -49 -49 -55 -48 -50 -13 -25 -7 16 2147483647 2147483647 2147483647 2147483647 
2147483647 -58 -50 -57 -51 -57 -46 -46 -26 -23 -12 21 2147483647 2147483647 2147483647 
2147483647 -57 -57 -63 -56 -59 -61 -42 -48 -20 -29 -12 27 2147483647 2147483647 
2147483647 -60 -66 -69 -65 -67 -63 -54 -57 -53 -36 -34 -7 28 2147483647 
2147483647 2147483647 2147483647 2147483647 2147483647 2147483647 2147483647 2147483647 2147483647 2147483647 2147483647 2147483647 2147483647 2147483647 2147483647 
-69
